ea1 eb1 ec1 epa1 epb1 epc1
3.445028 2.083601 0.2857604 0.2169519 0.0234938 0.002377563
2.637217 1.94243 0.2670898 0.1387843 0.02274386 0.002830496
1.879373 2.30809 0.1948464 0.1195896 0.04111992 0.003271258
2.530349 2.223964 0.1835531 0.1478033 0.03006083 0.002410478
3.063928 1.615851 0.2269899 0.1232652 0.0156846 0.002885112
2.81623 1.735879 0.2032614 0.1413137 0.01690205 0.003153305
3.018315 1.760127 0.2514229 0.125467 0.01740477 0.002646925
2.354894 1.696076 0.1902644 0.1020616 0.01824961 0.003505643
1.935861 1.869917 0.2133971 0.08752582 0.02369718 0.00378711
2.246583 2.085415 0.2177093 0.1342969 0.02821271 0.003107361
3.343637 2.142963 0.182266 0.1717816 0.02305571 0.002018879
1.310029 1.655948 0.1426298 0.06300949 0.02641671 0.007993975
2.367599 2.124327 0.1618182 0.133099 0.02683572 0.002697853
3.885029 1.95821 0.227116 0.1841413 0.0176959 0.002162486
1.843795 2.298568 0.1202153 0.1048039 0.0368438 0.003087217
1.070364 2.285089 0.1348843 0.08431462 0.04716994 0.0100196
2.761855 2.222361 0.2034805 0.1611558 0.02932223 0.002285051
1.369221 1.462784 0.1713053 0.06387752 0.02710701 0.008784027
2.31019 2.137182 0.2444651 0.1523546 0.03090559 0.003069474
1.089443 0.7869809 0.05674349 0.03448206 0.03803145 0.01354417
2.869169 2.036631 0.3052625 0.1583235 0.02485823 0.002594224
3.538314 2.027322 0.1844987 0.1754845 0.01940818 0.002066982
3.475897 2.287194 0.1987312 0.203826 0.02962586 0.001971887
1.49994 2.118809 0.2645133 0.1203787 0.03860813 0.006671459
3.041017 2.20046 0.2159487 0.1999357 0.02851064 0.002266309
1.236802 1.371699 0.1527853 0.05513489 0.03044943 0.01011456
4.15365 1.525418 0.3226272 0.1816931 0.01469093 0.002733718
0.8840594 1.057379 0.01869147 0.01891307 0.02406653 0.004617513
3.164974 2.025768 0.1830039 0.154229 0.02074931 0.002158752
1.227757 2.512328 0.3402654 0.1738778 0.08733342 0.009707736
4.078595 1.970859 0.3186854 0.2299259 0.01907244 0.002353054
0.6149352 3.038304 0.08102481 0.05763985 0.09524109 0.01636105
2.793175 2.33837 0.1880342 0.193789 0.03753862 0.002157206
0.9034512 0.8684533 0.02434846 0.02036377 0.02520162 0.006158384
1.918332 1.74751 0.1503629 0.07308866 0.0203839 0.003677806
2.214784 2.126734 0.1675436 0.1184122 0.0277128 0.002836845
3.076603 2.05116 0.2725526 0.1832322 0.02300938 0.002519892
3.817292 2.613975 0.1722039 0.3072453 0.04779423 0.001771941
0.6596689 2.517466 0.06364468 0.0425742 0.06417859 0.01360205
2.40872 2.648708 0.1810864 0.2005323 0.0633339 0.002141216
0.7981264 2.217347 0.04063092 0.03558478 0.04580392 0.008647364
1.388492 1.930609 0.2236712 0.07973015 0.03182566 0.00654526
1.476856 1.898558 0.1689493 0.08080224 0.02786767 0.006193271
1.533796 2.782029 0.1500261 0.1269141 0.08091983 0.003484153
1.845476 1.892892 0.2408927 0.1079257 0.02588921 0.004736808
1.789852 2.531076 0.1281001 0.09467421 0.04444765 0.002521603
1.335466 3.477093 0.212037 0.2097218 0.2151003 0.004169716
4.12749 2.087984 0.2982808 0.210315 0.02037856 0.002214339
1.438671 1.439206 0.1146038 0.05030743 0.02036437 0.006173525
3.172462 1.830341 0.2713363 0.1380964 0.01773978 0.002516744
3.927566 1.696609 0.3192158 0.1592743 0.01535423 0.002459071
1.329044 2.474142 0.205745 0.08631313 0.05297675 0.004823984
1.78913 1.838525 0.2344009 0.0861961 0.02391218 0.004403769
1.38943 2.563023 0.2425748 0.1069817 0.06163857 0.004774759
2.033503 1.685175 0.2431504 0.08304113 0.02002674 0.003825717
2.780802 2.385432 0.1748539 0.1568859 0.03163656 0.002026143
3.313471 1.780587 0.1091569 0.1144271 0.01455215 0.00186917
1.722074 0.9124247 0.1937956 0.05799759 0.02179988 0.00788947
1.142311 -0.2643408 0.1549408 0.04505796 0.0885654 0.03508011
2.904079 1.670874 0.1857075 0.09944123 0.01532984 0.002484635
1.043641 0.9495766 0.1229242 0.04452601 0.04431135 0.01557834
2.876093 1.867201 0.2187631 0.1261823 0.01827467 0.002540716
2.893259 1.157866 0.2091876 0.08578739 0.01282149 0.003411465
2.196099 2.304282 0.1420919 0.1021485 0.03102129 0.0022426
2.259121 2.339994 0.08327843 0.1087555 0.03071427 0.00192522
1.618221 2.584433 0.1201061 0.09725412 0.05072806 0.003044143
2.110125 2.266837 0.1816386 0.1034667 0.03158056 0.00257429
2.376598 1.850047 0.1704289 0.08888334 0.01917096 0.002649431
1.838928 1.876442 0.2255487 0.08511065 0.0240185 0.004013981
1.555547 0.5392463 0.07723149 0.04494265 0.02595439 0.01121222
0.6222269 14.06763 0.1413652 0.3579539 7.387308 0.001572431
1.690526 0.7254176 0.2281921 0.0569978 0.02538241 0.009235113
2.872902 1.779703 0.1829104 0.1061002 0.01657447 0.002413726
1.803613 0.8285138 0.133501 0.05271047 0.01872671 0.007234823
2.946833 2.04391 0.1236717 0.1173983 0.01962992 0.00188841
2.594012 2.673147 0.1753752 0.1749871 0.04772143 0.001966347
3.326597 1.93497 0.1084117 0.1085657 0.01653456 0.001671327
1.896165 3.141031 0.1946663 0.1974405 0.11064 0.002355904
2.37739 3.013901 0.1985352 0.2456514 0.08840352 0.002060159
3.879993 2.339797 0.1928753 0.1939758 0.02577507 0.001868286
1.439343 1.970089 0.1398862 0.05883169 0.02791809 0.004410699
2.323474 2.021355 0.1865388 0.09528459 0.02309214 0.002544587
1.993387 1.862749 0.1737082 0.08427385 0.02143917 0.003442881
2.982524 2.394383 0.1575297 0.1506742 0.03024474 0.001838382
1.832953 2.629305 0.2237323 0.1419376 0.05860296 0.00305006
2.268808 2.507671 0.2530322 0.2052843 0.04851504 0.00285414
1.731903 1.018663 0.09776056 0.04941512 0.01687971 0.006130559
0.638618 7.829055 0.1888346 0.2920109 2.528524 0.004912319
2.361101 1.852642 0.202616 0.09318511 0.01984516 0.002820512
1.824083 1.182159 0.09429263 0.05296086 0.01554641 0.005062624
2.151504 2.274977 0.1267228 0.08775941 0.03040428 0.002118913
2.759604 1.637885 0.238934 0.111789 0.01649819 0.002988113
3.563596 1.568007 0.2269059 0.1385666 0.01399063 0.002570072
2.845226 2.243616 0.1415966 0.1339851 0.02596187 0.001915657
2.614818 1.830454 0.2255069 0.1092558 0.01922189 0.002753123
0.9019088 2.275039 0.1601854 0.05859748 0.04940115 0.009716029
2.321225 2.592561 0.1329454 0.1398788 0.04484575 0.001962737
1.17029 0.7362905 0.1444601 0.0439064 0.03766906 0.01371977
6.670809 2.377895 0.2082628 0.4283648 0.02283586 0.001849967
3.569 2.082567 0.1067302 0.1318209 0.01886412 0.00157349
0.6246396 1.857892 0.1790781 0.06048221 0.09594799 0.02807458
1.830037 1.806324 0.1796789 0.07079348 0.02229206 0.003664493
1.055089 -0.1279002 0.1983914 0.0465926 0.0919662 0.03186214
1.784762 1.916987 0.1818072 0.07285296 0.02491408 0.003578116
1.646975 -0.2958517 0.06355405 0.03867235 0.02959176 0.01576176
2.146302 2.117679 0.2239403 0.1153076 0.0284955 0.003048933
1.021004 0.0746996 0.03160195 0.01890787 0.02292521 0.008167411
2.156453 1.715496 0.2453648 0.09119361 0.02010222 0.003593491
4.240445 2.690802 0.1072626 0.2878142 0.03819857 0.001424977
1.080367 2.465149 0.1977084 0.08001908 0.05954597 0.007317206
0.9519412 2.712959 0.1347022 0.05832694 0.06971897 0.006203511
2.138993 2.731256 0.2247992 0.1957345 0.06784088 0.002555833
1.536049 0.9145825 0.1754577 0.04938271 0.02196165 0.007891885
2.173527 2.776674 0.04692602 0.104536 0.04923198 0.001241031
2.468683 2.195884 0.2263442 0.1442311 0.02894188 0.002636059
0.2319183 7.97284 0.1351494 0.06340889 0.9042419 0.04056572
2.09344 1.309587 0.3209753 0.07685261 0.01877685 0.004499848
2.116293 1.674063 0.1751032 0.07486624 0.01839532 0.003284509
1.236806 1.408135 0.1811235 0.05308456 0.02680774 0.008607068
0.6059665 15.87069 0.1043672 0.3535802 8.326868 0.001369678
2.042638 3.226264 0.1760276 0.2496249 0.1307951 0.002152188
1.303508 3.834635 0.1487668 0.1585836 0.2309144 0.0027145
4.253542 2.463757 0.2083546 0.2989948 0.03059689 0.001897906
1.100964 1.315692 0.09617754 0.04028567 0.02638497 0.008955425
1.988441 2.23311 0.1971152 0.106666 0.03331692 0.002970743
1.11629 3.677622 0.1404677 0.1340732 0.2065201 0.004147754
3.045169 1.828368 0.2653864 0.1549713 0.01830681 0.002754898
2.202877 2.415727 0.2706869 0.2027439 0.04610073 0.003214687
2.543293 3.389104 0.1280354 0.3727483 0.1607989 0.001607285
1.501665 2.663745 0.07183665 0.06969866 0.05153813 0.002374304
2.09707 0.7686889 0.1479611 0.05779917 0.01525506 0.005807256
2.095061 1.652778 0.2184538 0.08113473 0.01907972 0.003622274
3.753078 1.97198 0.0784725 0.1272833 0.01621953 0.001407055
3.745091 1.757567 0.0799425 0.1180939 0.01358167 0.001538927
3.439575 1.949782 0.2112379 0.1716591 0.0183166 0.002261325
2.07927 3.133492 0.1737707 0.2739394 0.1147169 0.002347978
2.885945 1.790865 0.1636426 0.1121054 0.01681867 0.00233467
2.567579 1.919465 0.2021015 0.1183208 0.02076006 0.002668699
0.6700475 3.36475 0.1516859 0.08583897 0.1485812 0.01537667
0.4297406 3.550977 0.1437993 0.06526843 0.1452369 0.03204271
2.967553 3.257759 0.1628995 0.3513855 0.1009445 0.001711609
2.502665 1.847371 0.1082216 0.08015801 0.01809269 0.002071256
1.222362 1.001446 0.1088832 0.04356053 0.02919419 0.0108626
2.447561 2.322218 0.2188486 0.1369004 0.03406459 0.002367188
1.518834 2.808572 0.1692284 0.1139601 0.07351827 0.003347241
2.041439 1.701028 0.1850382 0.08094855 0.01914624 0.003603373
2.60951 1.176411 0.2083368 0.0792571 0.01354475 0.00373371
1.972983 1.995331 0.2181061 0.09784306 0.02629068 0.003450255
2.642149 1.820992 0.1553557 0.1053771 0.01786701 0.002476079
1.932531 1.897436 0.1256907 0.06652134 0.02207111 0.002788645
1.728799 1.466634 0.1270543 0.05928084 0.0177152 0.004815069
3.968108 1.240586 0.1305434 0.1240555 0.01033323 0.002366165
2.17925 2.373053 0.1795442 0.1179451 0.03680917 0.002405434
1.881134 2.780166 0.1942809 0.1388667 0.06628317 0.002552514
2.471018 2.761304 0.2594049 0.1761154 0.0605407 0.002194236
2.410005 2.017382 0.1580095 0.1073649 0.02277895 0.002491448
0.3372877 5.055752 0.08322513 0.03908434 0.2703989 0.02054192
2.253215 3.137867 0.1068156 0.1637201 0.08096451 0.001574395
0.9394518 1.943497 0.1756373 0.06347478 0.03991466 0.01253106
4.581494 2.756919 0.1882123 0.3711286 0.04342567 0.001778357
2.603479 1.035113 0.1264459 0.06692582 0.01200854 0.003618999
1.88912 1.805786 0.1430058 0.07559319 0.02084588 0.003605412
0.8684729 0.2710197 0.08654637 0.02929203 0.06494409 0.02130669
1.664495 3.132006 0.1548343 0.1424976 0.1003407 0.002472333
1.092211 0.8059708 0.04130383 0.02734766 0.02583623 0.009095346
0.9570582 3.906433 0.202317 0.1386338 0.2675581 0.005762595
2.770223 1.359458 0.2111847 0.08897414 0.0136207 0.003128587
2.155997 0.9300319 0.2036576 0.06659043 0.01663921 0.005780688
1.009332 3.681817 0.258119 0.1721851 0.270719 0.006701321
2.888874 1.038478 0.1521245 0.08162965 0.01189533 0.003612987
1.483321 2.325319 0.2463898 0.09039047 0.04534539 0.004310907
3.559193 3.116754 0.2864517 0.4323529 0.08863636 0.002052134
2.172442 2.868776 0.2367679 0.2076087 0.07562729 0.002424961
2.050684 1.476103 0.1049721 0.06523954 0.01528611 0.003612183
1.384166 -0.9656905 0.145903 0.04326433 0.08045374 0.04314944
1.849761 3.700236 0.2030989 0.2478104 0.2058684 0.002078097
1.841661 1.291537 0.1061546 0.05356362 0.01547505 0.004455397
0.268005 3.072346 0.06362811 0.01582429 0.2035033 0.01812314
2.316835 2.959387 0.1591769 0.191957 0.07244613 0.001933888
