0.7068163 1.341572 0.01647716 0.01158999 0.02216396 0.004015694
4.068586 1.836896 0.2741032 0.1505185 0.01074935 0.001469053
3.756133 2.126118 0.2096748 0.1450457 0.01394935 0.001233113
1.244767 2.424209 0.1468082 0.05028694 0.03099531 0.003669951
1.716366 1.460023 0.1658303 0.04382334 0.01319393 0.003778613
5.219415 1.768533 0.2238993 0.1821133 0.008837758 0.001284729
2.650638 1.68755 0.2398899 0.08395749 0.01145994 0.002189768
0.9517608 1.47149 0.04188787 0.02530594 0.02247728 0.007627168
1.007937 2.00666 0.1498399 0.04299331 0.0248616 0.007425486
0.9864246 2.531986 0.1725555 0.05338916 0.04036656 0.006252077
1.528953 2.223397 0.1473478 0.05570696 0.02268321 0.002933412
2.783057 2.06225 0.1617748 0.08531744 0.01369766 0.001393216
0.9769644 1.663453 0.06666074 0.03343074 0.02330782 0.00855081
1.387259 2.610396 0.1156853 0.05958207 0.03656428 0.002733428
1.774443 2.279207 0.1857759 0.07833133 0.02384857 0.002620797
2.607169 1.919611 0.2358351 0.09216752 0.01337034 0.001908536
2.019984 1.930712 0.1540672 0.06298038 0.0143025 0.002334975
0.5804035 2.516272 0.01537183 0.01224557 0.0413708 0.003661542
2.830137 1.902997 0.1667749 0.08225191 0.01186545 0.00153047
0.6157024 2.440549 0.01066023 0.01139081 0.03766041 0.002475409
1.666757 1.904518 0.1561835 0.05654743 0.01592975 0.003372024
2.466425 2.153894 0.1737622 0.07731258 0.01650604 0.001470033
1.69975 2.107199 0.2469558 0.0681454 0.02078607 0.002972772
0.4036556 4.548123 0.05610946 0.03036948 0.1422454 0.01274194
0.402993 4.492019 0.03848667 0.02210177 0.126434 0.009214402
3.223126 1.856018 0.2713068 0.105227 0.01184662 0.00159033
1.390431 2.698576 0.1175222 0.06057544 0.03734824 0.002607062
1.681734 3.316733 0.2164607 0.140338 0.09381002 0.001731961
1.455239 1.457204 0.1187686 0.03937755 0.01494152 0.005257337
2.668133 1.867441 0.2696167 0.0781232 0.0120731 0.001729768
1.432109 2.405257 0.2050245 0.06017978 0.02835582 0.00307307
1.812544 1.882273 0.23597 0.05800973 0.01493922 0.002839263
1.582816 2.523181 0.2505279 0.07728349 0.03314063 0.002627502
2.132711 1.679401 0.246788 0.05867806 0.01205656 0.002494462
2.341944 2.465206 0.1716348 0.09131766 0.02301393 0.00137308
3.006681 1.769827 0.1054449 0.06865105 0.009051931 0.001281329
2.674682 1.658782 0.1809269 0.06469384 0.009660022 0.001806187
2.854927 1.858211 0.2159941 0.0809267 0.01097619 0.001590993
2.73586 1.163856 0.2080362 0.06033788 0.009444529 0.002763345
1.866841 2.370584 0.1353586 0.0634489 0.02200831 0.00177663
2.036079 2.387575 0.07727368 0.06321367 0.02029502 0.001346359
1.511926 2.604689 0.1177602 0.06021334 0.03193525 0.002265031
1.771852 2.336237 0.1758974 0.06228747 0.0225446 0.002055346
2.117444 1.866629 0.1651263 0.05549119 0.01244305 0.002022274
1.950236 1.863583 0.2238415 0.05968858 0.01385911 0.002556823
2.6316 1.75955 0.1715519 0.06681155 0.01022519 0.001719402
2.48506 2.054953 0.1189545 0.06391074 0.01297909 0.001325567
2.289934 2.699959 0.1728887 0.09723389 0.03108848 0.001253774
2.904005 1.937703 0.1066543 0.06506787 0.01059355 0.001128448
1.660044 3.193448 0.1902154 0.1197201 0.07644129 0.001779422
2.855445 2.835243 0.2001166 0.2104265 0.03976392 0.001210345
1.139463 1.935585 0.1017867 0.03863972 0.01888971 0.005702851
1.976899 2.081684 0.1785089 0.05588985 0.01600315 0.001894711
2.1206 1.90458 0.1826273 0.05814212 0.01303481 0.00202598
2.551405 2.496116 0.1555054 0.08635907 0.02203357 0.001150075
1.930676 2.623984 0.2206847 0.09131769 0.03309035 0.001751169
2.514436 2.479177 0.2570448 0.1262296 0.02500091 0.00151232
1.642824 0.9815164 0.08222297 0.03943385 0.01752196 0.007053559
2.399375 1.862637 0.2044201 0.0667526 0.01196902 0.001854471
1.794298 1.197886 0.09589793 0.0411311 0.0126138 0.004689355
1.99502 2.249422 0.1240379 0.05665763 0.01826584 0.001544791
2.560656 1.628543 0.2367029 0.0647319 0.01031328 0.002006797
3.760178 1.575295 0.2313861 0.09742785 0.008333243 0.001540535
2.509844 2.27338 0.1377346 0.0777229 0.01695464 0.001252761
2.694075 1.84999 0.2282365 0.0736962 0.01139662 0.001661486
0.7894451 2.256003 0.133319 0.04005212 0.03181768 0.01016253
2.470018 2.546329 0.1321074 0.09477529 0.02440951 0.001149382
1.209287 2.169875 0.317416 0.06064684 0.02732934 0.005150524
1.80399 1.789736 0.1769864 0.04771646 0.01321951 0.002648334
1.606869 1.920331 0.1706597 0.0462725 0.01558213 0.002925183
2.004889 2.111726 0.221434 0.06996367 0.01723514 0.00211998
2.173094 1.670135 0.2399907 0.05743421 0.01169336 0.002364898
1.168282 2.479649 0.2123405 0.05635262 0.0348192 0.004385382
0.5969266 2.719775 0.04274667 0.02423832 0.04297027 0.009032431
2.25348 2.680614 0.2208366 0.1181069 0.03484294 0.001457156
1.488857 0.9074847 0.1722278 0.03764318 0.02066871 0.007598674
2.000569 2.803164 0.04457165 0.06440327 0.0317258 0.000837475
2.362618 2.205388 0.2272594 0.09377122 0.01772158 0.001742486
2.051403 1.238666 0.3121189 0.05225232 0.01308053 0.003572197
1.999798 1.68448 0.1733706 0.04831779 0.01153336 0.002401025
2.22344 3.133129 0.177601 0.1906986 0.07227539 0.001303333
0.9224724 4.239057 0.1371215 0.09194556 0.209073 0.003489089
0.9648734 1.11487 0.03301307 0.01910904 0.02157625 0.007236234
1.900644 2.271097 0.1955476 0.06879987 0.0209112 0.002009618
1.161733 3.638459 0.142663 0.09401889 0.1257517 0.002719128
3.224971 1.843632 0.2677082 0.09735127 0.01072683 0.001540257
2.588929 2.375906 0.2733434 0.1357147 0.02251962 0.001610968
2.184604 3.50922 0.1271658 0.2327561 0.1182102 0.001057194
1.207885 2.836408 0.06157925 0.04428774 0.04069749 0.002395055
1.931618 0.7293944 0.1307725 0.04260406 0.01598487 0.006581196
2.252618 1.636824 0.2220774 0.05497956 0.0109996 0.002205354
3.327872 1.974961 0.07513799 0.0736202 0.01006614 0.0008865383
3.538318 1.72873 0.07866027 0.07404993 0.00801754 0.001007699
3.101131 1.9451 0.2089752 0.09122889 0.01130642 0.001404888
2.504505 3.042216 0.1735939 0.1711319 0.05214434 0.001142757
2.849419 1.737842 0.159156 0.06924536 0.009388228 0.001490996
2.408678 1.896606 0.1990831 0.06764874 0.01218194 0.001736063
3.136831 3.283409 0.1604149 0.2607983 0.06645193 0.0009797483
2.219083 1.810817 0.09545129 0.04913324 0.01068609 0.001612302
2.616307 2.331228 0.2241262 0.0941115 0.01966474 0.001352385
1.437018 2.830486 0.167621 0.06801613 0.04593083 0.002247396
2.106406 1.713622 0.185558 0.05338991 0.01115244 0.002225538
2.334957 1.145965 0.1902838 0.05186426 0.01008762 0.003314462
2.216461 1.995953 0.2191931 0.0676621 0.01435905 0.001849389
2.636498 1.800587 0.1541094 0.06575775 0.01022315 0.001546135
1.629246 1.920207 0.1095366 0.04310854 0.01419605 0.002636452
1.81037 1.485118 0.1335244 0.04401662 0.01093065 0.003388641
3.620706 1.222711 0.123952 0.0733665 0.006518429 0.001675268
2.117813 2.348278 0.174919 0.07082682 0.02125025 0.001506244
1.717537 2.850622 0.1907615 0.08822218 0.04618744 0.001762427
2.587426 2.75243 0.2581157 0.1277774 0.0355383 0.001281081
2.312254 1.980809 0.1536037 0.06483664 0.01300348 0.001645709
1.898539 3.152147 0.1050187 0.09711841 0.05625068 0.001112116
2.289022 0.9865467 0.1004298 0.04703032 0.01044232 0.004043915
1.962361 1.813758 0.1456416 0.05021566 0.0120352 0.002219746
1.37829 3.284294 0.152033 0.0873762 0.08014814 0.002075922
2.769383 1.323603 0.2106229 0.06113452 0.008399858 0.002197905
1.527533 3.282949 0.2677407 0.1202346 0.09239081 0.002006511
2.933016 1.020473 0.1552393 0.0604217 0.008387639 0.002833515
1.368631 2.448632 0.2481298 0.06049468 0.0322497 0.003122522
4.113781 3.109062 0.2920789 0.3634585 0.05290165 0.001188267
2.075745 2.901379 0.2344664 0.1284363 0.04931743 0.001496184
2.243557 1.440848 0.1095684 0.0471501 0.008732674 0.002351095
2.391025 3.290376 0.2059027 0.1785884 0.07350527 0.001155281
1.778332 1.243681 0.09421299 0.03993564 0.01148924 0.004290897
1.863965 3.124578 0.1558833 0.1104363 0.06150905 0.001349292
